32084
18705
4361
6879
23018
12983
7021
13801
29041
26904
19025
6732
10478
22256
13143
18150
21513
11062
9646
29
4494
4255
28736
10173
27353
25538
891
6026
4032
3056
26382
20721
11703
22267
10633
26127
25854
7579
21144
1379
26472
6946
22362
22742
32722
17732
10434
1677
16648
5076
17868
32666
3572
5248
5464
1242
5642
5305
6887
18366
11255
4085
12440
3089
13396
11970
19799
17070
27676
3177
28738
9751
9179
23645
3866
12108
19035
16836
29560
6354
13878
22179
4547
27891
7211
6958
3191
30487
18751
30813
17437
1594
27790
15675
6316
30293
26289
7011
10184
796
19526
13499
21
3524
27761
6985
31887
19294
16941
25376
4593
9834
16591
10499
13005
27031
1427
14155
21602
18956
9660
10168
31419
19378
28127
802
29378
29348
15663
9728
1192
20397
15580
20866
20467
9403
17673
30213
5553
22713
6551
17205
7946
1626
19955
16058
32594
15089
25895
583
19347
29926
32298
12156
7037
518
30237
16362
28708
7401
10697
4359
8640
31705
9646
29277
29015
10409
19484
27288
24565
29130
11713
2473
31005
9542
18516
18101
16376
1048
29773
14073
25915
8727
15810
16522
29894
19976
6679
9244
25081
20730
4510
27109
26013
20324
31405
7543
9232
20179
18105
24396
18640
28558
55
18256
30185
25305
26327
922
9546
29039
25117
13599
18704
31141
29722
6194
19868
27916
27981
6273
2569
8004
19972
10165
1854
9164
30801
14441
18264
3727
29743
26100
20007
1199
7455
10886
27837
8485
8560
1719
30883
19248
31414
32260
30688
14671
4067
14960
11883
6739
32369
25646
20275
30467
7381
1305
29984
12649
10881
17852
363
19856
24956
21181
15932
8523
29579
23951
2743
14167
23701
22528
13453
19842
21946
17961
31716
32257
11067
21144
18274
16065
19852
25728
20301
30820
19346
32624
21425
20464
21371
30348
2698
10810
8932
166
27710
32127
20197
31355
18878
9926
13729
12052
31178
26675
7534
32392
16706
6822
17873
27480
1906
9866
29025
14529
16602
21982
718
19759
2569
31422
4468
6782
1596
6046
11302
10982
6107
153
26502
15115
8122
17464
27266
9220
18664
5434
19938
28445
2458
9871
9368
21726
433
24294
28891
22692
14386
3837
22358
7083
5401
22315
26590
23022
15724
9232
28671
9661
28153
10135
30337
20191
12863
27768
32553
7340
10352
8031
15488
19248
24366
2065
12814
27026
20149
661
15810
21152
18481
18104
7034
10782
20827
30444
22360
5417
26368
32219
32183
21220
13502
24862
7540
142
17832
22094
23088
14137
7502
18599
31899
28803
30689
4206
31639
14791
5394
31860
28451
8288
15833
11082
15283
7062
18249
14489
2245
3382
1209
15332
8941
10012
24760
501
17219
968
4773
18573
23562
28641
24337
2281
7069
4940
10860
17081
10698
22504
2894
2180
20506
10046
4054
29899
32400
25253
354
6388
4700
6474
2009
30006
31868
1832
5808
7305
8660
7606
23178
23583
19209
6435
7571
16171
19205
29511
26369
15489
22864
13972
3213
11728
27618
30783
11445
15565
23751
24046
30533
32293
30816
3354
24187
14913
12177
11440
4716
14998
6548
29730
10793
12606
31375
7863
12426
31521
732
535
2992
31649
15277
6101
28932
2233
21470
18103
19642
4703
16424
14491
27848
25679
20559
14020
16112
14386
10280
14343
1450
9527
30312
30869
21348
9077
30299
3254
13141
22154
15816
16892
25765
19012
26363
13195
5204
21637
5331
31139
1198
986
5242
31118
11492
22115
19268
6389
17893
903
13812
23367
21309
6301
11156
24229
32394
18791
19275
18860
25149
23726
16757
12787
6390
30346
7847
3432
27729
24963
13516
24017
1715
8633
12816
22351
12968
25650
15617
16432
18751
28403
24072
4477
27201
4265
2333
30811
28451
7347
28542
730
22252
16139
6411
27377
10285
25057
21255
13067
17504
16177
29836
28330
1817
19086
29524
26699
15562
3867
31904
3745
14556
18496
974
3345
3205
12620
13764
3257
3971
12011
31995
7472
22852
20308
24273
2582
23457
26604
2763
15555
29818
20783
16146
24745
8973
21602
16839
14758
25834
26280
19590
11478
21993
28453
9955
19272
15965
8330
116
2710
10190
31114
31090
32466
27061
12675
11352
29202
17134
16031
30866
26605
10482
29284
12642
15135
10464
21156
11922
5443
492
21012
19150
24714
15916
176
30142
12250
18724
10199
22339
8926
24539
20582
3175
604
13709
2423
1999
48
11242
14066
2956
13514
1295
17735
3955
2363
14396
5699
17553
23100
15772
29893
26730
13278
30967
22019
10563
18830
24988
26003
27221
16879
30473
7969
32244
21671
24794
12135
16104
3957
778
21140
8109
20966
145
19812
8366
22679
25310
32539
7326
7757
31947
17163
13357
6424
8301
32218
9366
19629
14776
6482
12984
32328
30725
13157
788
28501
21811
18794
5101
31581
13154
5651
4381
17566
9527
31181
23712
13040
21047
15493
4980
27369
11423
20256
6217
15559
28911
31002
18598
11151
26682
22543
1293
14162
18299
653
13840
12863
30284
8113
31346
7047
5207
7973
1574
23842
9223
26007
19551
18681
31433
19671
1661
12884
28076
23795
8295
9539
1606
7730
14326
14951
1123
20530
23960
23041
9713
6837
11186
30958
2480
9306
21582
28786
3909
19790
31612
17812
10905
26257
894
27263
23527
27659
31388
18855
11477
7401
24995
20571
25284
20635
4371
10028
23491
12562
23849
27233
24821
12797
11057
17687
17671
4469
15910
24303
22581
20329
19223
12509
13652
31515
32079
27441
4551
29478
32767
1970
31862
22864
13662
2256
27233
10971
26995
20565
19597
32027
15220
29100
10863
31655
15245
30817
26869
31591
30458
27421
29759
12700
5464
694
10221
1959
7346
10562
25441
14232
2396
11530
12713
31745
28853
16330
4756
26871
22689
3249
32090
26436
25304
31016
2859
26877
24311
20135
25974
23030
23965
13856
19613
11382
15492
9474
30331
20232
29484
4410
14532
8532
25884
26808
12557
3071
18100
30835
29216
15290
3385
28637
22125
23990
31384
17872
6891
2392
18030
32588
11692
8002
28901
2738
270
32703
939
28527
15664
18517
7569
15849
25934
5515
419
21204
8840
14672
29461
15068
5152
6566
4340
11149
777
25982
27349
8686
22094
16862
11521
29811
27382
1599
21127
30425
22524
1484
25603
21354
4583
6045
490
23003
28377
10325
11208
4653
27750
19546
22794
20607
3997
18730
